rep,id,k,V,TS0,kge,kgl,TSmax,kkill,tau,k1
1,1,5944.8,0.0251336,54.6928,0.204611,0.401207,616.49,27.7059,4.92664,191.589
2,1,0.0893901,0.0624622,51.8579,0.0651593,0.411071,9224.09,18.2958,5.88341,111.534
3,1,0.857988,0.0100649,52.1905,9464.43,0.450292,9755.23,22.3237,5.361,125.92
1,2,1.20672e-05,0.04617,46.672,0.389083,0.779403,667.919,18.3873,4.96034,133.199
2,2,6.92928e-08,0.0034656,43.6661,2881.68,0.806116,1613.95,14.1221,4.91188,97.2384
3,2,71.7527,0.0022436,48.3351,3.34782,0.549024,9523.39,13.7758,3.89236,131.629
1,3,9.32324e-08,0.001774,46.0193,2.72125,0.483945,3180.78,12.0067,4.33987,131.638
2,3,0.00271928,0.00308951,43.2282,1.52079,0.611062,723.109,14.7204,6.26373,134.139
3,3,1.11764e+09,0.0119018,47.9191,63.1712,0.471323,1390.26,13.772,4.43136,152.483
1,4,7.3448e+06,0.00554972,69.6023,4.0102,0.563693,327.033,20.9821,0.504645,301.356
2,4,48602.3,0.326605,69.2734,3.21182,0.595976,4323.31,11.812,0.529055,153.879
3,4,4.14724e-05,0.000279539,68.0187,2.75204,1.26598,979.096,23.9194,1.47935,170.562
1,5,6.31371e+07,0.0121837,32.5566,1.19528,0.305785,209.68,21.2121,5.40378,185.572
2,5,0.846342,0.000108399,35.7932,17.4071,0.185842,4763.42,15.6648,2.88971,188.395
3,5,138749,0.00543564,35.9454,15.3072,0.286225,202.619,20.8813,3.31347,193.084
1,6,4.33209e-08,0.184221,77.3514,0.540839,0.202314,51.5574,14.5789,0.651054,202.347
2,6,0.000155009,0.859466,64.7951,0.0168128,0.34309,63.6124,18.9771,1.50589,272.901
3,6,1.128e-05,0.000659105,70.6054,0.000332435,0.48891,1258.54,12.6296,0.499546,171.744
1,7,0.00364215,0.0022513,66.3514,0.611227,0.312251,170.713,16.542,3.66344,185.279
2,7,0.000116134,0.0785178,69.0243,0.00117887,1.70015,272.234,12.1083,1.5342,162.249
3,7,1.96447,1.02275,65.1677,0.108574,0.164327,1958.63,16.7171,1.59726,244.485
1,8,7.29814e-09,0.00256608,36.2995,416.315,0.503171,135.498,11.9501,3.52185,323.975
2,8,0.0116756,0.0516451,34.7515,0.346186,0.61399,117.595,13.8268,3.95497,289.431
3,8,3.98721e-06,0.0697396,35.2733,0.0214135,0.39635,261.031,13.1625,1.80338,283.833
1,9,1.37616e-05,0.00185407,65.9553,3782.76,0.31878,812.982,14.4064,6.35505,299.752
2,9,4.39879e-05,0.0025978,77.0138,0.0831903,0.263676,4231.15,14.4563,6.68186,215.235
3,9,2.6748e-11,0.00405017,71.4458,1.17462,0.225533,679.266,7.36491,6.03367,202.965
1,10,8.31942,0.000364217,21.5383,0.177371,0.640264,67.0947,12.6885,1.6295,267.218
2,10,181.644,8.91836e-05,27.4635,0.364037,0.259368,1520.49,14.1653,1.19437,286.303
3,10,3.53246,0.00838196,20.6716,359.693,0.962826,53.232,10.2148,1.30197,276.466
1,11,31910,0.00288552,54.272,24.2413,0.231626,7223.2,22.6417,9.99599,153.151
2,11,2.23058e+07,0.0118427,54.1521,0.220065,0.262506,104.343,13.8505,14.8151,156.469
3,11,1.14487e+09,2.93193,50.8726,0.13163,0.202088,5171.6,23.0282,9.3889,207.83
1,12,4.49808e-08,0.0104003,83.3857,0.00125639,0.355132,1064.73,11.0026,6.89246,209.687
2,12,2.14137,31.3774,92.8544,2.37321,0.473693,76.1462,24.1205,2.25824,385.539
3,12,1.69458e+06,0.00667495,90.4424,1.73841,0.156253,117.498,14.7005,4.63033,216.604
1,13,4072.53,0.0658455,35.1304,0.575739,0.368285,286.196,17.2003,4.73505,557.819
2,13,8.73331e+06,0.0143401,35.8548,0.774979,0.374562,1911.72,8.852,1.85845,252.135
3,13,3.14188e-06,0.0152398,34.8798,3.42516,0.409854,715.062,13.3113,3.83438,558.777
1,14,302658,0.121919,34.2916,0.0451204,0.209862,101.364,17.1238,6.95073,137.768
2,14,0.000133889,0.00115873,33.0635,12.5741,0.210114,80.7036,15.971,7.52388,151.366
3,14,0.0152185,0.307952,33.7289,0.00203444,0.681684,5854.72,21.502,8.71135,345.094
1,15,703.844,0.142297,60.5506,0.288485,0.730451,1867.79,34.7424,3.89798,175.801
2,15,0.924446,0.00392148,63.2816,3.44876,1.50655,1630.42,19.0052,6.54765,47.8951
3,15,0.0192655,0.00199581,61.1455,3.74534,1.22135,17905.5,37.9052,6.02682,104.666
1,16,187154,0.0748669,44.7821,0.108656,0.305205,4234.24,16.5646,2.89564,167.446
2,16,2.97973e-05,0.00395808,44.9541,0.196741,0.412471,1043.06,28.7954,3.93053,173.727
3,16,0.139786,0.0426681,43.3957,0.015716,0.43814,958.36,20.1526,4.77029,124.352
1,17,9.58664e-05,0.166268,44.4127,0.0194505,0.495846,616.59,25.739,3.37132,330.481
2,17,1.66417,0.0260842,45.1087,2.11933,0.612183,373.029,16.145,4.57914,173.046
3,17,1.64833e+11,0.00681222,46.0666,0.0225758,0.509954,39014.8,22.2797,2.68523,272.371
1,18,0.000315525,0.00251123,45.8022,2.92449,0.437775,1876.63,15.3607,0.656765,172.624
2,18,0.0720039,0.000200031,46.4203,2.22565,0.412848,1914.17,14.0634,0.923837,138.358
3,18,0.00321442,0.031729,52.182,0.334836,0.506826,1298.23,16.1211,0.780608,134.624
1,19,9.25552e-14,0.00321319,80.8162,6.54028,0.309743,1811.2,6.81059,1.40086,333.626
2,19,0.0363984,0.00249124,81.3659,0.237133,0.38397,697.072,9.89817,1.99723,364.759
3,19,25465.7,0.000643802,73.5556,0.0109381,0.448662,459.521,11.31,3.82482,561.009
1,20,1.12147e+07,0.00054598,49.018,4.44442,0.87865,378.328,11.1552,0.42224,178.048
2,20,1.30726e-05,0.0224772,47.5003,2604.59,0.389985,1275.67,15.2412,2.62175,255.365
3,20,0.000157583,0.918499,44.13,310.301,1.73435,5869.92,25.5334,0.622266,235.45
1,21,27129,0.00656723,63.7282,0.0496431,0.260145,3084.04,14.23,7.69374,376.248
2,21,0.0336095,0.186894,69.5193,2.79242,0.639571,290.596,11.3732,4.33804,198.348
3,21,4.00747,0.349347,66.0633,0.00267541,0.471578,5480.75,17.9897,10.2435,171.713
